,SC,SC,SC,SC,SC,AUD,AUD,SM,SM,SM,SM,SM,SM,SM,SM,SM,VIS,VIS,VIS,VIS,VIS,VIS,VIS,VIS,VIS,CC,CC,CC,CC,CC,CC,CC,CC,CC,CC,CC,CC,CC,CC,CC,CC,CC,DM,DM,DM,DM,DM,DM,DM,CB,CB,CB,CB
SC,1.0,0.11149400207703854,0.10874100122481814,0.2911653239223352,0.1680235624311439,-0.006365879840580092,0.04030668368291638,0.018159554657308417,-0.04417818805692299,-0.07212461747849283,-0.05756603974377103,-0.08252975319673019,0.005617758482648062,-0.02181597390736605,-0.12526520442577338,-0.046440112325797346,-0.06598395253342253,-0.02355398426444819,-0.03768227169205768,-0.07451142350975526,-0.04644572941858256,0.01764841810167099,-0.05777227504304563,-0.04964315945854553,0.0021943828775181666,-0.03926946297217123,0.09645139447917046,0.03275375124682776,0.04092158915699165,0.004028078858172268,0.0009661050998756846,-0.04690020761640144,-0.04405605130962392,0.013005359220795681,0.006687324470928054,-0.007586905806634557,0.047114513437252446,-0.00569387692146311,0.06126029727612065,0.018414506550619825,0.02767991075470345,0.0331495482756986,-0.07462596572243939,-0.014233409053310659,0.10674617150800339,-0.051305746718306754,0.09209489828099233,-0.0952542757912153,-0.026969129028239357,-2.006317930805501e-05,-0.023644207451519184,0.017306506555919594,0.005132224286099994
SC,0.11149400207703854,1.0,0.22546149010435124,0.17411440449669577,0.09779419586859711,0.0011310216880973311,0.07702664176846731,0.06892218423693322,0.016208048563758706,-0.12898791817978827,-0.014406892959488184,-0.053810629424421205,0.05067440751428721,0.005778661913202922,-0.13419676838822733,-0.0021878689412585138,-0.00925569730971695,-0.00762550537433616,0.0035966330934947134,-0.05553260208668784,0.002797284748654757,0.07576789025984132,-0.00828501919288214,-0.016848657408861555,0.022548088907535766,-0.06813613358643354,0.06391960904414579,-0.05878449663817437,-0.029349525845163992,-0.011398380135398605,-0.004963517921290207,-0.03306205710671753,0.033532773114525925,-0.0006407595750816299,-0.03045791537335889,-0.04252719929490333,0.030345330666197157,0.015544479948213567,0.04316875103783411,-0.02008847290931186,-0.04810612450870345,0.129611916122941,-0.053956431634058576,0.017684020312520244,-0.0205713333229879,-0.028072010596029616,-0.013175785885972284,-0.0941402140616704,-0.0829084668131478,0.02080713301702127,-0.07653921183805609,0.11027655271237981,0.007832009097343254
SC,0.10874100122481814,0.22546149010435124,1.0,0.3132458136465323,0.2158998123621937,0.11148512476972632,0.1629689132708332,0.1029616103798486,0.01619920100847637,-0.09898240807192799,-0.019208293091777254,-0.05041989671891347,0.02805030387113564,0.05237565101533408,-0.12064960215619272,-0.05753994550484864,-0.005320874395995416,-0.008935396565982799,0.07943989035511206,-0.043911114161552495,0.005933540763040166,0.09709072531352389,-0.02019874625883229,-0.0012764451304813095,0.012265437363756551,-0.05837040598154271,0.17812185854422716,-0.027803535335073976,0.060732986360547005,0.062146468117463605,0.005275398728910442,-0.03202477863738017,0.031746156086500305,0.03912747325903185,-0.019679579061593372,-0.025447444689953733,0.05763307603377424,0.06562787682253318,0.041125671593474,0.01730535335544836,-0.026029615207802528,0.15472051837517053,-0.09086317437427537,0.002700402878784278,0.023168244219791124,0.046071034530071435,-0.014087276476869677,-0.07411943832712432,-0.04077050811086934,0.013901947518418507,-0.10495637017420367,0.01886986501681055,-0.03731865171003938
SC,0.2911653239223352,0.17411440449669577,0.3132458136465323,1.0,0.16822840691141938,0.06925415836358592,0.13162241375161515,0.042367379676858795,-0.0021455949198374317,-0.05915842227719974,-0.02076841974280813,-0.04310187803867267,0.016908718887981903,0.03275462382072897,-0.09142144075368598,-0.008434469997821692,-0.01387703416887771,-0.016834336305030412,0.02635109218955383,-0.03674150633560572,-0.027421438371650245,0.04059063107701775,-0.03233407831849277,-0.009926599001807472,0.02279844378924685,-0.06916660892982471,0.18768676842693838,-0.012243785990897815,0.03176145199859778,0.042371774661387335,-0.025339959045020753,-0.029402810331620222,0.01098179382222792,0.04552661830265227,0.01058815221189135,0.0047976502668034045,0.14055046231454824,0.03163476677435629,0.05585693392493556,-0.006495195879713818,0.0013775358053085306,0.05996478383342693,-0.05931962111445505,-0.03794240859024784,0.10709473972076457,0.009198751907788742,0.06536877879068967,-0.06222149370004352,-0.039008303813902814,0.00930224741193426,-0.09636034129802516,0.00046984241024460667,-0.016465558400111317
SC,0.1680235624311439,0.09779419586859711,0.2158998123621937,0.16822840691141938,1.0,0.037741968639053554,0.03302863120180663,0.04991453824237398,0.03206010701903004,-0.007354064718002911,0.013075022677413556,-0.014600469917296811,-0.00815224032316021,0.09193400536150148,-0.029949636037290856,-0.04520852429070821,0.035421547646724276,0.015443695326721693,0.07233680513292165,0.004809615745198765,0.01099841576093596,0.07031239351433476,-0.011246062934370442,0.03159166258460684,-0.004278070786062122,-0.04041788090489694,0.11781108102469737,-0.0015786788896942619,0.019152972708032522,0.030338253007392423,0.003815527060060086,-0.03243025609953846,0.005317703097460309,0.025402620515449784,0.006078915413404077,-0.016446784948996398,0.08483536079445647,0.011629349154488792,0.007826034002952582,-0.03523038936074719,-0.04242624304232205,0.09288807868798452,-0.006150146378148528,0.037428136148440386,0.011133246499125123,0.06192164828488793,-0.01515879150467522,0.005694632283891924,0.005775378332992138,0.04414053835808299,-0.03608317434959145,-0.019113665885571125,-0.022986623962762742
AUD,-0.006365879840580092,0.0011310216880973311,0.11148512476972632,0.06925415836358592,0.037741968639053554,1.0,0.3831734469143015,0.16384578499456295,0.10525985055839505,0.06830107508279172,0.10461584294048154,0.08696388918756134,-0.03503979046350734,0.09241604558974795,-0.03384538434673591,0.07639850230639651,0.04553947592306059,-0.07068733303637427,0.10806099432494091,0.024664780509087637,-0.04142434799325792,-0.04750655855865937,-0.06939656670378691,0.04233376283827855,-0.037216254396153406,-0.059893253390790255,0.1128886814000772,-0.02052246040041214,0.026082832477371164,0.0946655884201465,-0.08089498846754062,0.012655749429537457,0.05556773613421905,0.07836897786117306,-0.07964559375623413,0.06813228520279108,0.015863608892679352,0.06116633944962779,-0.04245952228086725,0.008484426926272774,-0.04719473300880534,-0.0186875590088145,-0.035012004205619465,-0.05900588970053072,0.06699363225564123,0.032362521206941997,-0.03673024435320431,0.02118973228710078,-0.021966169557115646,-0.05258089158425922,-0.11324796064289328,-0.08596342481653302,-0.10740642743402257
AUD,0.04030668368291638,0.07702664176846731,0.1629689132708332,0.13162241375161515,0.03302863120180663,0.3831734469143015,1.0,0.1807379087945101,0.0464203724336359,-0.03565610846723261,0.03880327618916277,0.018253337532723422,0.07392042217410018,0.07296145909373959,-0.09615134430000832,0.03737333136304787,-0.03276671471514613,-0.05612270541104831,0.016171467971873143,-0.02651255310748273,-0.034875796379818615,-0.0043288368653474265,-0.040058576789790884,0.0001668230745869443,-0.050025918873017,-0.16284254573274246,0.2038493195036141,-0.1172578115274393,0.02260697168581755,0.06284589111841293,-0.11835931828976984,-0.015003331976672647,0.06486673879410215,0.04495221747072189,-0.15052171215095306,0.09214457351359535,0.007750440509682136,0.1054958704042786,0.02670226605971861,-0.0030359945984543587,-0.04729425173140399,0.07800072025215006,-0.09233846076231841,-0.11395931216878542,0.016839034246360494,-0.03684554015740132,-0.05821206231056702,-0.055970027133538915,-0.16873586166942228,0.01566315093194694,-0.10170428945106,-0.0034264467738363853,-0.04020536563704777
SM,0.018159554657308417,0.06892218423693322,0.1029616103798486,0.042367379676858795,0.04991453824237398,0.16384578499456295,0.1807379087945101,1.0,0.17128703553566105,-0.002525454726097683,0.16102034990336705,0.01904972867957545,0.0019852559136319735,0.1054897665021513,-0.06456189016974145,0.1889466971638199,-0.019502787235968065,-0.016842322654199667,0.03412016347599771,-0.022299501154693487,0.011869724465289588,-0.006859018029608685,-0.019814937652699798,0.0009434736144281295,0.003314906905764805,-0.05793198992288253,0.00101747477414013,-0.02073381205885973,0.0019455605049711003,0.036371454249423334,0.01744818118322297,-0.02969369236178919,0.07041118536232005,0.03940252269638215,-0.08120048922219902,-0.04673725567367335,0.0045081013842070685,0.06495955594892029,0.0008730484010340189,-0.0227911543406188,-0.06918390071916089,0.038266262067302034,-0.08434591841023019,-0.03065603376395222,-0.025486630988544878,-0.012926375625126036,-0.012058121510292593,-0.0707981200575538,-0.045908842701049,-0.05115470780882445,-0.07119384911044632,-0.031219859227598134,-0.05598395384698803
SM,-0.04417818805692299,0.016208048563758706,0.01619920100847637,-0.0021455949198374317,0.03206010701903004,0.10525985055839505,0.0464203724336359,0.17128703553566105,1.0,0.16867104653263393,0.337341653169166,0.2519532872508917,0.05377288373106239,0.10600064841781412,0.043571438754109605,0.1891113175087811,-0.018674330924274975,-0.024884894716093845,0.025259474761543648,-0.010161824053689705,-0.0026544289306382443,-0.048211433311714194,-0.03868524970541701,-0.0018507929320142717,-0.011227707415485733,-0.04957199454674288,-0.05867162465614999,-0.00833655175127018,-0.05327985034347471,-0.02064656180922305,-0.05226257468680282,-0.012135205015349306,0.07157527968413067,0.014932858647916205,-0.03052973733846605,-0.03459699224237799,-0.021398472760159548,0.048493888911291055,-0.039249824372152485,-0.07076404266887806,-0.0863300203470174,0.011104271623013138,-0.05873459479957282,-0.025835387345333038,-0.029849705266798587,-0.011440740341082669,-0.0043507443506776355,-0.005350597093370246,-0.014848363738185823,-0.05254580400811261,-0.05011034996656987,-0.0003479381538698924,-0.01735164999047644
SM,-0.07212461747849283,-0.12898791817978827,-0.09898240807192799,-0.05915842227719974,-0.007354064718002911,0.06830107508279172,-0.03565610846723261,-0.002525454726097683,0.16867104653263393,1.0,0.16320494477858422,0.3875447547450509,-0.09354706022445598,0.0934928709824482,0.17476851264057391,0.07568821937791928,-0.03131460198789517,-0.05191127943205619,-0.01940073547360374,0.01056545450566138,-0.06491674118006517,-0.1321344129563344,-0.05805378436597958,-0.011993552983363152,-0.039904628960693626,0.00296608639997264,-0.11780333802040369,0.04788412287023912,-0.013102351517726492,-0.022259878129961455,-0.07072019818377395,-0.009598554312333831,-0.008384875742837646,0.04070945649182705,-0.04129930009624213,0.012717179385860762,-0.012501530777117619,-0.02555466823633658,-0.11985091529890587,-0.038264831419626014,-0.062189896048311905,-0.1197224533924173,0.007263966275528905,-0.02491327148900222,-0.060123602301564306,0.021539193178554194,-0.026055613368681087,0.1875777453048456,0.06660085236149756,-0.05993642204872452,0.01895715224362328,-0.08104961744017797,-0.014661213478925487
SM,-0.05756603974377103,-0.014406892959488184,-0.019208293091777254,-0.02076841974280813,0.013075022677413556,0.10461584294048154,0.03880327618916277,0.16102034990336705,0.337341653169166,0.16320494477858422,1.0,0.2628062132314538,0.0450908337290611,0.10138871467032487,0.060651337404465225,0.1713239417957927,-0.030048082165480505,-0.01343540612697794,0.03521544255248929,-0.016281128015669288,0.0114674173859521,-0.030695302341890763,-0.01598468622393153,-0.011322883968785396,0.030360720127735916,-0.04989513167501056,-0.0742777576442688,-0.019936885812752745,-0.05844825607704601,-0.038952994703075984,-0.07361812397985876,-0.02532495009520734,0.11663581077321684,0.011906321203202591,-0.05173681745605671,-0.03261955112059532,-0.00970917590945356,0.03289014108728437,-0.05864200100535848,-0.07555065481248538,-0.10405282576933776,-0.013357528302080706,-0.06457536671780369,-0.02467472343962232,-0.03456929316297021,-0.020218755245267783,0.015253339287540765,-0.0012958019328058708,-0.025502725736800017,-0.030798238526413713,-0.054192266474480236,-0.02009889503341461,-0.03349597805131384
SM,-0.08252975319673019,-0.053810629424421205,-0.05041989671891347,-0.04310187803867267,-0.014600469917296811,0.08696388918756134,0.018253337532723422,0.01904972867957545,0.2519532872508917,0.3875447547450509,0.2628062132314538,1.0,0.048231118359529854,0.017224379438104228,0.21667935696363347,0.07231246936714078,-0.043050690776439714,-0.03613514590417496,0.013120203208769629,-0.020025832702444863,-0.011395698569232194,-0.07512699283295915,-0.02910517019184022,-0.04364019799701161,0.007743548519085139,-0.053815499172091726,-0.10517799564784013,-0.03991534130528074,-0.07956812253063766,-0.07494306183602209,-0.13269979024069378,0.007229794585899768,0.06450643019272295,-0.0005316283809806613,-0.05317619194786246,0.025808287242361845,-0.03185582730820441,0.03505958891000009,-0.061156682789909746,-0.06847474364666281,-0.08555341775175346,-0.025799502405358266,0.005414213535606414,-0.03633939680005973,-0.07248856220147942,0.007352763542187411,-0.014986149150245152,0.20039369862954143,-0.03314355701136981,-0.022929757174713693,-0.041588297281593016,-0.030163431812956058,0.004773152807242524
SM,0.005617758482648062,0.05067440751428721,0.02805030387113564,0.016908718887981903,-0.00815224032316021,-0.03503979046350734,0.07392042217410018,0.0019852559136319735,0.05377288373106239,-0.09354706022445598,0.0450908337290611,0.048231118359529854,1.0,0.017413278340125446,0.06289154669946238,-0.0020342386862500818,-0.05792829435050425,-0.06757852494365738,-0.028755482861476684,-0.062446287489421624,-0.02049746342102399,-0.01243606592167746,0.01031523042846204,-0.06934560006239669,0.011934778127043365,-0.03750662231305222,-0.006919800084312278,-0.1708796153589747,-0.06869210463546714,-0.06709277373923966,0.022501394318861057,0.025891553786252363,0.09544441271264494,-0.10253861513261836,-0.044340061979166956,0.04652786021796293,-0.04093912277709002,0.1191075451993443,0.0342012808697133,-0.012952735429501249,-0.015878754548125967,0.059497638759995065,-0.010975117841673692,-0.07228457992937151,-0.0968758279112122,-0.052089379889595326,-0.05226594513029788,0.016969146756481427,-0.16835102147751807,0.03371842834795675,-0.06537359229777705,0.04027518785294586,0.0012454795134419746
SM,-0.02181597390736605,0.005778661913202922,0.05237565101533408,0.03275462382072897,0.09193400536150148,0.09241604558974795,0.07296145909373959,0.1054897665021513,0.10600064841781412,0.0934928709824482,0.10138871467032487,0.017224379438104228,0.017413278340125446,1.0,0.09872624194262725,0.0639214033552391,0.048644553103162486,0.03133979572597895,0.01938909228722205,0.10181116866647115,0.024880254765957854,-0.06290147713355766,0.024671026582344074,0.10333475610588028,-0.05700220934736352,0.0017801404088940436,0.14203903119596364,0.027896771120205704,0.03665058311649718,0.09405806301437125,0.07748011136865926,0.06582051820170902,0.11532373524401351,0.16446691042420838,-0.08637152453943565,0.13503216655842246,-0.04085678038563255,0.0694022068939604,-0.004237237910473627,0.023538484953916864,-0.013101683183353778,-0.11268846108865929,0.006935973957878323,-0.129000636937072,-0.029595395004814725,0.08318582255727658,-0.08452671767222296,0.02456401256150032,-0.03002321468956346,-0.06587031929517294,-0.03743263205534778,-0.10817826547502267,-0.06899233937902798
SM,-0.12526520442577338,-0.13419676838822733,-0.12064960215619272,-0.09142144075368598,-0.029949636037290856,-0.03384538434673591,-0.09615134430000832,-0.06456189016974145,0.043571438754109605,0.17476851264057391,0.060651337404465225,0.21667935696363347,0.06289154669946238,0.09872624194262725,1.0,0.09189421894468212,0.09782918279939344,0.05279061764517178,-0.015739555379141786,0.15831953590385373,0.1206107388277982,-0.04611853051425509,0.15924756399676587,0.06048736070956233,0.07911711738863024,0.0946989089909608,-0.10081985236412265,-0.10878993193502146,-0.05705721703990165,-0.0954074855869512,0.07006816743134679,0.11856369265813911,0.20907432756259994,-0.0963391583571542,-0.001509916577709941,0.028315886865190355,-0.07796004408276055,0.1609096259822521,-0.14485827698707726,0.06330480217284366,-0.005251326641474731,-0.10163383180972835,0.21570675531031966,-0.06870361553256019,-0.11400341247081272,0.05872629794036947,-0.055537084002743764,0.3107283959217024,-0.023643310526762686,0.010262905590923214,-0.030278204915950173,-0.11490302895027465,-0.04742493708840328
SM,-0.046440112325797346,-0.0021878689412585138,-0.05753994550484864,-0.008434469997821692,-0.04520852429070821,0.07639850230639651,0.03737333136304787,0.1889466971638199,0.1891113175087811,0.07568821937791928,0.1713239417957927,0.07231246936714078,-0.0020342386862500818,0.0639214033552391,0.09189421894468212,1.0,0.0019591770971397627,-0.059826738261191295,0.0077001933590717464,-0.011018027968610072,-0.035082792096988454,-0.08651026362546678,-0.044462814182568935,-0.005294068300620918,0.005588279521217846,0.026513554996569266,-0.07206394587418506,0.028846398209692897,-0.03142571222305804,0.004562938901644718,0.03492853046941997,0.052010620323271334,0.15832452127851765,-0.016331166811060338,-0.0002131574751237325,-0.026159781562342943,-0.03657772146808805,0.1318263791662387,-0.04161140822232427,0.011490086803448872,-0.04098321311608627,-0.0637773338050063,-0.006981290651811076,-0.034500921175791815,-0.002732006188980624,-0.011667854076823364,-0.007496133617392108,0.008686861795391524,0.033267293892085215,-0.046465791726652675,-0.03883856940024243,-0.037680599945855014,-0.0424599025386362
VIS,-0.06598395253342253,-0.00925569730971695,-0.005320874395995416,-0.01387703416887771,0.035421547646724276,0.04553947592306059,-0.03276671471514613,-0.019502787235968065,-0.018674330924274975,-0.03131460198789517,-0.030048082165480505,-0.043050690776439714,-0.05792829435050425,0.048644553103162486,0.09782918279939344,0.0019591770971397627,1.0,0.15271750875632747,0.0652560461361944,0.5028689209874266,0.17889595527026586,0.07790691738691918,0.18967983483269438,0.45903789445609444,-0.013107188949546527,0.021468018217040356,-0.01877985813647681,-0.054665805694495674,-0.09835524817315112,-0.031048635447335174,-0.0031607582553010035,-0.047077435333414346,-0.02626925431816831,-0.04893210149008704,0.01727179287932592,-0.014081300474239677,-0.02165549223705302,-0.03380431227226265,-0.06985985819562746,-0.03521674533768018,-0.011444739167304275,-0.019574943664390238,0.29737633670836544,0.18014293875097206,0.04410252757698615,0.11528691625526827,-0.0577782360367827,0.13997345689628488,0.09896766782323438,-0.02487790466364862,-0.04990570170721448,-0.05897410071025188,-0.09506786016035741
VIS,-0.02355398426444819,-0.00762550537433616,-0.008935396565982799,-0.016834336305030412,0.015443695326721693,-0.07068733303637427,-0.05612270541104831,-0.016842322654199667,-0.024884894716093845,-0.05191127943205619,-0.01343540612697794,-0.03613514590417496,-0.06757852494365738,0.03133979572597895,0.05279061764517178,-0.059826738261191295,0.15271750875632747,1.0,-0.01171137864437014,0.36717508728898857,0.358623476011266,0.12269210677172421,0.3262892131681464,0.38369402416568704,0.05478102795923814,-0.07859668876024127,-0.00971810892351685,-0.04799731960640687,-0.035538312183409845,-0.030196157768899192,-0.0290656720736286,-0.08215366443288123,0.013477350066311218,0.002077139366023795,-0.05180675728029154,-0.04838702353687679,-0.024713921062890415,-0.06852674082611623,-0.06231418634391699,-0.04856083405956666,-0.05593363289246392,0.038318828649076056,-0.018874470730292338,-0.03582251964062116,-0.06129442091472768,-0.052422603995194515,-0.023732001228028824,-0.0705095856595038,-0.08135647294720567,0.019454879810729776,0.10239450444054911,-0.004665951261290611,0.04732985734378348
VIS,-0.03768227169205768,0.0035966330934947134,0.07943989035511206,0.02635109218955383,0.07233680513292165,0.10806099432494091,0.016171467971873143,0.03412016347599771,0.025259474761543648,-0.01940073547360374,0.03521544255248929,0.013120203208769629,-0.028755482861476684,0.01938909228722205,-0.015739555379141786,0.0077001933590717464,0.0652560461361944,-0.01171137864437014,1.0,0.00812381231065052,0.052756360315379655,0.04538706561799572,0.021392647750694212,0.01883654778745062,0.124714855528019,0.04593991830026989,0.020730282580560817,0.08616423317128466,0.05538578251227107,0.20392788543440554,-0.004145006193050961,-0.01254398482692203,0.011675793450000244,0.10735024234116054,0.07663509830480669,-0.024004530946630017,-0.0014525359453198697,0.010190568377710974,-0.053087274345134924,-0.037288571032428455,-0.03222323383050547,0.02805029056302739,0.012291928482621834,0.04075835271295716,0.03969876902483082,-0.0007281565893876686,0.021200180746832272,0.07868678771332847,0.09216141589408987,0.016132535852353247,-0.04096598415331832,-0.03225496553074626,-0.0751658496367555
VIS,-0.07451142350975526,-0.05553260208668784,-0.043911114161552495,-0.03674150633560572,0.004809615745198765,0.024664780509087637,-0.02651255310748273,-0.022299501154693487,-0.010161824053689705,0.01056545450566138,-0.016281128015669288,-0.020025832702444863,-0.062446287489421624,0.10181116866647115,0.15831953590385373,-0.011018027968610072,0.5028689209874266,0.36717508728898857,0.00812381231065052,1.0,0.28985968002400236,0.03661066127721225,0.29059594814172657,0.635029034494387,-0.034881364693155406,-0.013962411933622626,0.00015841170066475005,-0.06448007533796175,-0.0645905464963431,-0.03177937989935861,-7.101591190772e-05,-0.013848063601540391,0.004159503891290061,-0.029258713882415764,-0.033307376844569796,0.03517742919950438,-0.07180029066576551,-0.02842440753432003,-0.09041129961845405,-0.014061228242245335,-0.013797811169851152,-0.04927584165613061,0.17092562180230353,-0.020652177399324637,-0.014802700438546649,0.04383370461203589,-0.09127938722692175,0.10602055100034256,-0.016605587260400376,-0.018948612438090744,0.0231874079242006,-0.05517419296082159,-0.043466362950599656
VIS,-0.04644572941858256,0.002797284748654757,0.005933540763040166,-0.027421438371650245,0.01099841576093596,-0.04142434799325792,-0.034875796379818615,0.011869724465289588,-0.0026544289306382443,-0.06491674118006517,0.0114674173859521,-0.011395698569232194,-0.02049746342102399,0.024880254765957854,0.1206107388277982,-0.035082792096988454,0.17889595527026586,0.358623476011266,0.052756360315379655,0.28985968002400236,1.0,0.22046924732337084,0.35056939154512384,0.25442188566113144,0.12224745815236633,-0.05700115362779574,-0.03986863065522461,-0.11430668487727647,-0.08837881352875694,-0.050124314570374036,-0.04670036885380659,-0.0770918084495619,0.07147429840504944,-0.04961957858895789,-0.0883986860853015,-0.0656140118782918,0.010991828953557829,-0.022834401935872457,-0.0771383312310615,-0.0471734632268151,-0.06468518179068415,0.047695052914073256,0.030906094986581475,-0.004007031856734249,-0.0626399443468256,-0.012240187777512075,-0.03146149172519738,-0.01182262482632083,-0.10709397918680759,0.047313319438535874,0.02184030272282205,-0.001393427997685387,0.02913645002439003
VIS,0.01764841810167099,0.07576789025984132,0.09709072531352389,0.04059063107701775,0.07031239351433476,-0.04750655855865937,-0.0043288368653474265,-0.006859018029608685,-0.048211433311714194,-0.1321344129563344,-0.030695302341890763,-0.07512699283295915,-0.01243606592167746,-0.06290147713355766,-0.04611853051425509,-0.08651026362546678,0.07790691738691918,0.12269210677172421,0.04538706561799572,0.03661066127721225,0.22046924732337084,1.0,0.191120147300083,0.07812338278017325,0.1818376826368716,-0.08877720558439106,-0.0019072301321469763,-0.09459596565435265,-0.07012139529086867,-0.04786663853138719,-0.03675832556266714,-0.13177098065560336,-0.004281891251727253,-0.05712878320966323,-0.025458390060349036,-0.14807259170976647,0.1341724006750114,-0.027815015243369427,-0.03809401478959963,-0.06950486119658453,-0.08870575957014608,0.16696919636930477,-0.053897209101910946,0.08200415387249874,-0.013294074530308895,-0.02939581069125937,0.06042881947372193,-0.0556424233734244,-0.09224142750715167,0.10507210372869184,-0.027698516876521913,0.07268253229900067,0.027114668297573186
VIS,-0.05777227504304563,-0.00828501919288214,-0.02019874625883229,-0.03233407831849277,-0.011246062934370442,-0.06939656670378691,-0.040058576789790884,-0.019814937652699798,-0.03868524970541701,-0.05805378436597958,-0.01598468622393153,-0.02910517019184022,0.01031523042846204,0.024671026582344074,0.15924756399676587,-0.044462814182568935,0.18967983483269438,0.3262892131681464,0.021392647750694212,0.29059594814172657,0.35056939154512384,0.191120147300083,1.0,0.22575027823107185,0.142341858199217,-0.10550039813366108,-0.050407659820782345,-0.15023568766956924,-0.09633513287043712,-0.08769475340448968,-0.04014078830673187,-0.05813075565727916,0.027987886246041673,-0.0522228494544855,-0.07195141410741605,-0.061589548279506905,-0.022947354770649662,0.006546603383597053,-0.0758700662311326,-0.056074644762306475,-0.06825401838144265,0.048229608175757964,0.07296825465969572,-0.012660263622382165,-0.07518082174375414,-0.016583867389069116,-0.04477001732125537,0.02080534975495143,-0.1084728834321541,0.042633236143326286,-0.00830758756807155,-0.0038092408494113973,-0.000525266492533114
VIS,-0.04964315945854553,-0.016848657408861555,-0.0012764451304813095,-0.009926599001807472,0.03159166258460684,0.04233376283827855,0.0001668230745869443,0.0009434736144281295,-0.0018507929320142717,-0.011993552983363152,-0.011322883968785396,-0.04364019799701161,-0.06934560006239669,0.10333475610588028,0.06048736070956233,-0.005294068300620918,0.45903789445609444,0.38369402416568704,0.01883654778745062,0.635029034494387,0.25442188566113144,0.07812338278017325,0.22575027823107185,1.0,-0.026696605248671235,-0.03932700531396586,0.02242190420448779,-0.043662541362350094,-0.03971700851571606,-0.009915595939763345,-0.013498299047974305,-0.03266577531010338,-0.0016793627675264363,0.003725612627508534,-0.04106190954154601,0.01717516623353802,-0.04042237278042758,-0.037762672698257456,-0.08422463267217654,-0.03186752275377713,-0.03575175665432998,-0.023341017407960823,0.0652600095070779,-0.011298762841439351,-0.017447063806879645,0.008325262278878073,-0.07463109589925954,0.02683515020097932,-0.02629354442043921,-0.02130574989872137,0.05168733272931792,-0.04982411019424041,-0.02028937468000378
VIS,0.0021943828775181666,0.022548088907535766,0.012265437363756551,0.02279844378924685,-0.004278070786062122,-0.037216254396153406,-0.050025918873017,0.003314906905764805,-0.011227707415485733,-0.039904628960693626,0.030360720127735916,0.007743548519085139,0.011934778127043365,-0.05700220934736352,0.07911711738863024,0.005588279521217846,-0.013107188949546527,0.05478102795923814,0.124714855528019,-0.034881364693155406,0.12224745815236633,0.1818376826368716,0.142341858199217,-0.026696605248671235,1.0,-0.07177770838522898,-0.09729065584047777,-0.10529993360582852,-0.011480899645251093,-0.04106005656885444,0.006787948709588189,-0.05622988398307903,0.08040660147733335,-0.047768576351766505,-0.035238341681966275,-0.13903796397296717,0.0860699416067231,0.12359710819477383,-0.08192843765246298,-0.04930786316441296,-0.10146962258818833,0.06609742754875764,-0.03667985192738108,0.057674462423578744,-0.06539071892012453,-0.060646179560736216,0.05989778483312115,-0.011352021022641302,-0.0351072959741806,0.06349592082524871,-0.014219245353921254,0.013231984974084508,0.049541311211953015
CC,-0.03926946297217123,-0.06813613358643354,-0.05837040598154271,-0.06916660892982471,-0.04041788090489694,-0.059893253390790255,-0.16284254573274246,-0.05793198992288253,-0.04957199454674288,0.00296608639997264,-0.04989513167501056,-0.053815499172091726,-0.03750662231305222,0.0017801404088940436,0.0946989089909608,0.026513554996569266,0.021468018217040356,-0.07859668876024127,0.04593991830026989,-0.013962411933622626,-0.05700115362779574,-0.08877720558439106,-0.10550039813366108,-0.03932700531396586,-0.07177770838522898,1.0,-0.02043583436208841,0.12986696760972716,0.009905174182037044,0.1408966310114533,0.25968660170625135,0.22542561345660722,0.09970627885980957,-0.10823125917904593,0.20828609315346033,0.049742805745166485,-0.07112810264599835,-0.03298938045764801,0.018773503735865997,0.2965134432475547,0.16181689775743316,-0.1299438954975254,0.15761858912639587,0.02114223256404738,0.040001018345494695,0.10206683080544661,-0.020562643313458952,0.0822268052673064,0.17439725202081705,0.02336281016817601,0.05872715594319291,-0.07867619849350428,-0.1320653906300649
CC,0.09645139447917046,0.06391960904414579,0.17812185854422716,0.18768676842693838,0.11781108102469737,0.1128886814000772,0.2038493195036141,0.00101747477414013,-0.05867162465614999,-0.11780333802040369,-0.0742777576442688,-0.10517799564784013,-0.006919800084312278,0.14203903119596364,-0.10081985236412265,-0.07206394587418506,-0.01877985813647681,-0.00971810892351685,0.020730282580560817,0.00015841170066475005,-0.03986863065522461,-0.0019072301321469763,-0.050407659820782345,0.02242190420448779,-0.09729065584047777,-0.02043583436208841,1.0,0.03018953547604026,0.19308150992221432,0.16589298869174054,0.06763340160473981,0.1154474257286607,0.047634678163411444,0.13694049186751683,0.01672098044751088,0.19153953600074736,-0.03123257184570936,0.06301873954772455,0.15336453141606463,0.13146120054742963,0.14919171819606356,0.004563844562899752,-0.05028505903764556,-0.1497257898702953,0.13530149269615555,0.05162080039273328,-0.03611981109447323,-0.061202136493799825,-0.09152282103260195,0.00642836146109732,-0.07924814322581135,-0.045427220617207636,-0.05141917980563359
CC,0.03275375124682776,-0.05878449663817437,-0.027803535335073976,-0.012243785990897815,-0.0015786788896942619,-0.02052246040041214,-0.1172578115274393,-0.02073381205885973,-0.00833655175127018,0.04788412287023912,-0.019936885812752745,-0.03991534130528074,-0.1708796153589747,0.027896771120205704,-0.10878993193502146,0.028846398209692897,-0.054665805694495674,-0.04799731960640687,0.08616423317128466,-0.06448007533796175,-0.11430668487727647,-0.09459596565435265,-0.15023568766956924,-0.043662541362350094,-0.10529993360582852,0.12986696760972716,0.03018953547604026,1.0,0.13128885454276693,0.16103227076159246,0.02592618876635907,-0.045595973823075286,-0.12473095409308098,0.20970367776900922,0.20091172788091866,0.024660063523881167,0.007296616822088334,-0.1607463838528327,0.08223992792930877,-0.006099353119182063,0.053234188016545586,-0.1371067902362881,-0.05593095447733507,0.06023436009115073,0.2589019454651997,0.0035187923138995185,0.09114466563590033,-0.04864925120390706,0.3457616689521103,-0.10471495334991522,0.05406510034844153,-0.061653663102122405,-0.05437370344229139
CC,0.04092158915699165,-0.029349525845163992,0.060732986360547005,0.03176145199859778,0.019152972708032522,0.026082832477371164,0.02260697168581755,0.0019455605049711003,-0.05327985034347471,-0.013102351517726492,-0.05844825607704601,-0.07956812253063766,-0.06869210463546714,0.03665058311649718,-0.05705721703990165,-0.03142571222305804,-0.09835524817315112,-0.035538312183409845,0.05538578251227107,-0.0645905464963431,-0.08837881352875694,-0.07012139529086867,-0.09633513287043712,-0.03971700851571606,-0.011480899645251093,0.009905174182037044,0.19308150992221432,0.13128885454276693,1.0,0.16341719300159507,0.20346626545420798,0.11061731747832806,0.01978752094567149,0.15747313074989064,0.09146179932324726,-0.027638691272030436,-0.015164807937916035,0.1536154423574247,-0.0025379849709193125,0.1833498223928341,0.11640381225792507,-0.06907729622763933,-0.13252016769788977,-0.06960022252584132,0.04403618398471991,-0.03738803226462352,0.05744746169602064,-0.09719937178189872,0.08773699748371196,-0.0902141301950767,0.004976209240945462,-0.0711790619422775,0.01512140665411386
CC,0.004028078858172268,-0.011398380135398605,0.062146468117463605,0.042371774661387335,0.030338253007392423,0.0946655884201465,0.06284589111841293,0.036371454249423334,-0.02064656180922305,-0.022259878129961455,-0.038952994703075984,-0.07494306183602209,-0.06709277373923966,0.09405806301437125,-0.0954074855869512,0.004562938901644718,-0.031048635447335174,-0.030196157768899192,0.20392788543440554,-0.03177937989935861,-0.050124314570374036,-0.04786663853138719,-0.08769475340448968,-0.009915595939763345,-0.04106005656885444,0.1408966310114533,0.16589298869174054,0.16103227076159246,0.16341719300159507,1.0,0.12064267547244298,0.07362738026795394,0.05911427541194051,0.13031234575296316,-0.00840001889236656,0.0974883225174711,-0.019146748476860518,-0.010735942554139512,0.0004586330560431767,0.11850681504985545,0.027781153059409848,-0.054813019976178864,-0.058903576362745916,-0.08483189195005024,0.05831106041026812,-1.944651889103966e-06,-0.04828092348895326,-0.04525550892411441,0.03298147999896977,-0.018046495544788443,0.01258674696073667,-0.08223545052785255,-0.12032667560003212
CC,0.0009661050998756846,-0.004963517921290207,0.005275398728910442,-0.025339959045020753,0.003815527060060086,-0.08089498846754062,-0.11835931828976984,0.01744818118322297,-0.05226257468680282,-0.07072019818377395,-0.07361812397985876,-0.13269979024069378,0.022501394318861057,0.07748011136865926,0.07006816743134679,0.03492853046941997,-0.0031607582553010035,-0.0290656720736286,-0.004145006193050961,-7.101591190772e-05,-0.04670036885380659,-0.03675832556266714,-0.04014078830673187,-0.013498299047974305,0.006787948709588189,0.25968660170625135,0.06763340160473981,0.02592618876635907,0.20346626545420798,0.12064267547244298,1.0,0.2124012236260171,0.17398389960420504,-0.07526445855598075,0.1490452885852408,-0.00934713453402349,-0.07992446968635693,0.1971211053375551,0.05024862868105276,0.2897159647995853,0.18141949530483367,-0.0754280169903425,0.04376327185550513,-0.050724396485825066,-0.057715717415069805,0.04976639660002804,-0.05399750261200816,-0.007677217371612109,0.05554326042477855,-0.03256438907284271,0.01686832094946452,-0.06253309651841428,-0.05156282180233938
CC,-0.04690020761640144,-0.03306205710671753,-0.03202477863738017,-0.029402810331620222,-0.03243025609953846,0.012655749429537457,-0.015003331976672647,-0.02969369236178919,-0.012135205015349306,-0.009598554312333831,-0.02532495009520734,0.007229794585899768,0.025891553786252363,0.06582051820170902,0.11856369265813911,0.052010620323271334,-0.047077435333414346,-0.08215366443288123,-0.01254398482692203,-0.013848063601540391,-0.0770918084495619,-0.13177098065560336,-0.05813075565727916,-0.03266577531010338,-0.05622988398307903,0.22542561345660722,0.1154474257286607,-0.045595973823075286,0.11061731747832806,0.07362738026795394,0.2124012236260171,1.0,0.175238300947962,-0.0220606135766463,0.13686488007694214,0.15416572913277413,-0.14255011354055538,0.176523573584994,0.04096336847470952,0.227647996088024,0.18544003408346899,-0.09249035050495265,0.10001455398016004,-0.1967188429924129,-0.05292703181813012,0.09145085122192838,-0.1111986911079175,0.0721796750806561,-0.021401748706384914,0.007237575327789345,-0.020444665219777836,-0.06827315583603649,-0.02602217108931712
CC,-0.04405605130962392,0.033532773114525925,0.031746156086500305,0.01098179382222792,0.005317703097460309,0.05556773613421905,0.06486673879410215,0.07041118536232005,0.07157527968413067,-0.008384875742837646,0.11663581077321684,0.06450643019272295,0.09544441271264494,0.11532373524401351,0.20907432756259994,0.15832452127851765,-0.02626925431816831,0.013477350066311218,0.011675793450000244,0.004159503891290061,0.07147429840504944,-0.004281891251727253,0.027987886246041673,-0.0016793627675264363,0.08040660147733335,0.09970627885980957,0.047634678163411444,-0.12473095409308098,0.01978752094567149,0.05911427541194051,0.17398389960420504,0.175238300947962,1.0,-0.09813493241562266,-0.058770291785302804,0.038244852709788175,-0.06472446324478945,0.27750349154988513,-0.04209331532360541,0.24301520049771355,0.01783210779392491,-0.017170459926620356,-0.011459044935202757,-0.13228292527638177,-0.08228082550858448,0.020407046002586703,-0.051805127853558154,0.003411301494398925,-0.14604531991209296,0.04681933579546677,-0.07132201681250072,-0.04269862665500108,-0.08324117789223476
CC,0.013005359220795681,-0.0006407595750816299,0.03912747325903185,0.04552661830265227,0.025402620515449784,0.07836897786117306,0.04495221747072189,0.03940252269638215,0.014932858647916205,0.04070945649182705,0.011906321203202591,-0.0005316283809806613,-0.10253861513261836,0.16446691042420838,-0.0963391583571542,-0.016331166811060338,-0.04893210149008704,0.002077139366023795,0.10735024234116054,-0.029258713882415764,-0.04961957858895789,-0.05712878320966323,-0.0522228494544855,0.003725612627508534,-0.047768576351766505,-0.10823125917904593,0.13694049186751683,0.20970367776900922,0.15747313074989064,0.13031234575296316,-0.07526445855598075,-0.0220606135766463,-0.09813493241562266,1.0,-0.026526645164285698,0.06274974149011217,-0.0045536243056796604,-0.06532242155663151,0.01371638650291004,-0.12942531273153354,-0.03114896161977855,-0.07176421098145057,-0.07198476018417121,-0.07267778305020114,0.05335535819937376,-0.031479658011825146,-0.028956352886259414,-0.03627261703536595,0.06825409879240936,-0.09567523880473852,-0.009744402124942125,-0.06362506987402713,0.010719218146165667
CC,0.006687324470928054,-0.03045791537335889,-0.019679579061593372,0.01058815221189135,0.006078915413404077,-0.07964559375623413,-0.15052171215095306,-0.08120048922219902,-0.03052973733846605,-0.04129930009624213,-0.05173681745605671,-0.05317619194786246,-0.044340061979166956,-0.08637152453943565,-0.001509916577709941,-0.0002131574751237325,0.01727179287932592,-0.05180675728029154,0.07663509830480669,-0.033307376844569796,-0.0883986860853015,-0.025458390060349036,-0.07195141410741605,-0.04106190954154601,-0.035238341681966275,0.20828609315346033,0.01672098044751088,0.20091172788091866,0.09146179932324726,-0.00840001889236656,0.1490452885852408,0.13686488007694214,-0.058770291785302804,-0.026526645164285698,1.0,0.007312406783960066,-0.0461044332164771,2.453937885512242e-05,0.11871495103513025,0.051115570386700365,0.1649966984439398,-0.0599410218536866,0.07243647682949636,0.05881577993170822,0.11256667920950078,0.07136623350580529,0.05779920473172888,0.07597812925411024,0.24960301115271788,-0.0012061915257900503,0.0014237977113413793,-0.013627127148931039,0.027694688055987765
CC,-0.007586905806634557,-0.04252719929490333,-0.025447444689953733,0.0047976502668034045,-0.016446784948996398,0.06813228520279108,0.09214457351359535,-0.04673725567367335,-0.03459699224237799,0.012717179385860762,-0.03261955112059532,0.025808287242361845,0.04652786021796293,0.13503216655842246,0.028315886865190355,-0.026159781562342943,-0.014081300474239677,-0.04838702353687679,-0.024004530946630017,0.03517742919950438,-0.0656140118782918,-0.14807259170976647,-0.061589548279506905,0.01717516623353802,-0.13903796397296717,0.049742805745166485,0.19153953600074736,0.024660063523881167,-0.027638691272030436,0.0974883225174711,-0.00934713453402349,0.15416572913277413,0.038244852709788175,0.06274974149011217,0.007312406783960066,1.0,-0.10449726597923925,0.020810558392380225,0.1630359629445452,0.11851947897390602,0.20130353728528486,-0.08403082943846489,0.05739157563822235,-0.2016886539168923,0.0693258840246949,0.058399440558124335,-0.12244006834745402,0.12056086069432907,-0.13280190785041726,0.009152538948487457,-0.0295748744188518,-0.06420954899609849,-0.07044235493048573
