,SC,SC,SC,SC,SC,AUD,AUD,SM,SM,SM,SM,SM,SM,SM,SM,SM,VIS,VIS,VIS,VIS,VIS,VIS,VIS,VIS,VIS,CC,CC,CC,CC,CC,CC,CC,CC,CC,CC,CC,CC,CC,CC,CC,CC,CC,DM,DM,DM,DM,DM,DM,DM,CB,CB,CB,CB
SC,1.0,0.08504175926025188,0.08564554601211984,0.290727993703783,0.17747538452823378,-0.024089544410993296,-0.03227725119759207,-0.03569416591950879,-0.0684266323579169,-0.06780283721075514,-0.08651839176927362,-0.09034838409166268,-0.040896849974069144,-0.06404536364505779,-0.1653898053192229,-0.05118727624103849,-0.0918308513604519,-0.07276468046832839,-0.04986571688175607,-0.10833200569053245,-0.11701046627304582,-0.029828543378321432,-0.12177070683422352,-0.08845554763453604,-0.06436015432635533,0.026229541767248305,0.1161314182656512,0.08971432754283816,0.025980961813078407,0.014360015740872551,0.009731455071341029,-0.022046745987466594,-0.11361797209521501,0.046056546723212834,0.07330758497648845,0.026126534886288494,0.05901580605293737,-0.07145735601033334,0.10605862674850051,0.02123906420096197,0.08117122470612975,0.007485824912818166,-0.02819523689987547,-0.010605610962098925,0.11150279652368501,0.007825096148478726,0.082399614759932,-0.08583749663022164,0.047963018744085664,-0.007850557473888044,0.032125525233914015,0.020694963125003053,0.03141207029504845
SC,0.08504175926025188,1.0,0.22125005935523512,0.17282462694578613,0.11215851622792467,0.04007821901115683,0.06809901837010245,0.1127666427846433,0.06714178245723393,-0.06921506473013549,0.04247647205032278,0.022231489394301748,0.058817457562185156,0.07030864686676595,-0.05390068295963733,0.04474971746485323,0.016166502922051313,0.01954541016587281,-0.003658299718076239,0.00025490946507371613,0.025167372370699485,0.05691089028909469,0.00194106287550338,0.033212873808899444,0.009738048164218645,-0.08538753815626016,0.04527827594431497,-0.08347662815249655,-0.03187937724076132,-0.037164962375972194,-0.01830577949255259,-0.026597341942515364,0.06228680033345988,-0.01257877001795732,-0.04876141374428512,-0.023267889523822187,0.027789264599928438,0.04476479283017878,0.025911895426249373,-0.00326788794865657,-0.07791809836572383,0.13068529328902376,-0.05215791933213676,-0.004729565284020895,-0.07124920120870758,-0.026171915440777734,-0.03779956740481858,-0.07476077279883182,-0.08727290783059607,0.017228134071177792,-0.10406975362365675,0.10848718285003313,0.0045772560459021745
SC,0.08564554601211984,0.22125005935523512,1.0,0.27308505548364037,0.1903683577556813,0.13621400604456171,0.16276199171546277,0.13307476247482225,0.08647035843894198,-0.04802336496765086,0.06951718549998824,0.04476629000789938,0.06660641988009666,0.10184654288004392,-0.051174797277084655,0.01725416225114455,-0.04786532719825066,0.020167067198518625,0.05028763367736596,-0.017510719396712407,0.06002709483037427,0.08090309716488099,0.013577592547411378,0.020980147629505168,0.0425206005793807,-0.12483468917438045,0.1106078650311917,-0.07670162196002243,-0.018017431555189457,0.019817165757954967,-0.05690701367056078,-0.06630061422879684,0.06419244435069407,0.0176595002629409,-0.12092840105793176,-0.00767772266035729,0.07197160919149297,0.06619766485496559,-0.030550194085578488,-0.024250212321460827,-0.10022925755935544,0.14438174566716416,-0.10083846933640024,-0.06656417683654237,-0.041262809969209294,-0.013351479900255982,-0.019122161656181663,-0.05737994170491678,-0.10979250315830379,0.022219776116380693,-0.10914527421912378,0.022722941742991887,-0.0240731046810166
SC,0.290727993703783,0.17282462694578613,0.27308505548364037,1.0,0.17944608309845428,0.06542336373666113,0.09954711726770397,0.028276803427443847,0.005411110267738542,-0.03906943676418586,-0.006647087182672975,-0.015608395728969647,0.014693054917545151,0.02055657620512157,-0.08080761480038282,0.010376477165076708,-0.05244098615943507,-0.03179744592967804,0.021345186867593107,-0.0617648271318913,-0.04592493239387369,0.006789665353416294,-0.044601018953526445,-0.04508469332274513,-0.015852427544805203,-0.06871018167651814,0.15884272158586993,0.010895629967962141,-0.017835537061778022,0.04235102158703859,-0.07008239744603321,-0.042030977370458855,-0.0025564686508982018,0.04749776328961303,0.019455302043652003,0.049375330962040095,0.16764550713716914,-0.0012668722421682263,0.0359547146854803,-0.030997024568993097,0.0009612604612510444,0.03923952730954022,-0.02130140550500615,-0.0524969317921078,0.07170848270155347,0.01795842281996708,0.07380349346615653,-0.0391282873034691,-0.032869570800046786,0.028140442150379294,-0.08375531369874385,0.0016732140843088484,-0.013264976245345977
SC,0.17747538452823378,0.11215851622792467,0.1903683577556813,0.17944608309845428,1.0,0.05347494030180683,0.05261308063896811,0.05461041367849871,0.05713577349384428,-0.022846077799924147,0.046999580591925764,0.008021151215751643,0.028129339040773218,0.06439561153571882,-0.039589264713699134,-0.001969236109323305,0.02011291503939862,0.010246051140220891,0.055998007344781255,0.013838210951916867,-0.013513563848968473,0.07521073132003675,-0.007794317686183831,0.03692960591685754,0.013751045259846204,-0.06666693580967348,0.09256733880334363,-0.03622061201231152,-0.02891896959094708,-0.009755059706753545,-0.040595408056598205,-0.04586806166770385,0.005314823805885016,0.014082127053557778,-0.013949446824105082,-0.0213010432723877,0.1186945256687658,0.007191578502470124,0.0055077073405005875,-0.049835052402623384,-0.06657864523270121,0.09091561455255164,-0.027466607720019225,0.012903881716264363,-0.030543219820689593,0.03193531899439087,-0.01469710175766284,-0.018127841649079667,-0.03614032459555751,0.07344766797988765,-0.03686800445680315,0.01480956611092111,-0.014317997706182313
AUD,-0.024089544410993296,0.04007821901115683,0.13621400604456171,0.06542336373666113,0.05347494030180683,1.0,0.41980626635904245,0.24991592430313062,0.18627643935040578,0.09722208186134854,0.18221133722937524,0.1541599093635121,0.03854243919360175,0.11973211705950136,0.02510888217493851,0.13125657483061368,0.017181788614042147,0.020610423164910754,0.07233815268711043,0.0389157761898965,0.0450194741636159,0.00864977707662959,0.03838249579395612,0.06699480990009175,0.030220591195562682,-0.16083055290810047,0.0629573124401589,-0.1346737805836639,-0.04854819240261367,0.020650011152047055,-0.1448322001121891,-0.029589286864253255,0.12395096744902762,0.025348056880771044,-0.1826386002100448,0.02623859956390517,0.01966311522845924,0.13497199019437653,-0.09209994182033321,-0.022474338688720105,-0.13258795514774263,0.04504403143102678,-0.08759710114633032,-0.12875077238799534,-0.03294440509941126,-0.05093772319679314,-0.027959851697430822,0.006990357794608027,-0.16871119425399167,-0.03677640865332225,-0.14040707280848935,-0.07847825710776457,-0.08409188469809693
AUD,-0.03227725119759207,0.06809901837010245,0.16276199171546277,0.09954711726770397,0.05261308063896811,0.41980626635904245,1.0,0.28780469585613544,0.17508383463510527,0.043693041492794,0.17856112992962214,0.14466080974841458,0.1548233687912906,0.1533353248010058,0.05763923822223211,0.13290045958644903,-0.020785701680798768,0.06581198704673862,0.008735253608045383,0.05513357900326181,0.09810574300729165,0.05137389586292569,0.0974627861865124,0.0725938505227114,0.04562620174206559,-0.26397288928062185,0.12508506424241878,-0.24121809819641948,-0.08212255352538436,-0.024335272922864713,-0.18382115795541235,-0.046903188128701964,0.16720947899070965,-0.010555509687366111,-0.2725341932435113,0.07628663363951883,0.014646787158601666,0.18850984469595022,-0.07689395953055107,-0.05537134526637718,-0.1522394524416884,0.11865806503396002,-0.1253193903116403,-0.20909882490656767,-0.10831534320737116,-0.13153066198400815,-0.08091173188715893,-0.04268455891738972,-0.3171631543890595,0.04045804439660716,-0.18034484714370969,-0.0428546714669742,-0.05028941502406262
SM,-0.03569416591950879,0.1127666427846433,0.13307476247482225,0.028276803427443847,0.05461041367849871,0.24991592430313062,0.28780469585613544,1.0,0.2577495960923676,0.03499299110097759,0.24378031171697204,0.14385810951689704,0.0952918315369084,0.19684841362531819,0.06922228224335121,0.22757664778347103,0.008374564067145896,0.1044998411248078,0.023899937698301364,0.08178570266672071,0.14931113671599416,0.06209230703419715,0.11833483207167116,0.09604254434147944,0.07670816501132575,-0.19953963375607225,-0.01671776839464574,-0.15919980715894597,-0.07942584003156027,-0.03398943400387264,-0.057767166476852524,-0.06621334842651086,0.18614044464944984,-0.020395777914425834,-0.224295254819531,-0.047937798900288556,0.021781189779413783,0.16430283348415228,-0.08536984937825934,-0.05001177205526983,-0.1776509424873752,0.09970844953398002,-0.15098717492108626,-0.12062257835775042,-0.12133524718135338,-0.10697023863713877,-0.05701949515622863,-0.07809491836804984,-0.21673775981222648,-0.05701635851541946,-0.1285725137908479,-0.020763867143275692,-0.0651156410915477
SM,-0.0684266323579169,0.06714178245723393,0.08647035843894198,0.005411110267738542,0.05713577349384428,0.18627643935040578,0.17508383463510527,0.2577495960923676,1.0,0.19745930296442304,0.4320069737894617,0.34388638063382954,0.11952799638775154,0.13081965490011507,0.1234700743898413,0.26352221054934727,0.03532045753055503,0.09388498781907281,0.025407250210650625,0.0749363715553801,0.11691070887213756,0.02561996950859359,0.11558089441293504,0.10192555460824718,0.10483804998576292,-0.1879837305192792,-0.1031683785078077,-0.16700564721308,-0.12213362059591668,-0.0833161427681434,-0.11970611460521216,-0.06647863686325521,0.16758350464062285,-0.04526884389375687,-0.19128338280616022,-0.0824945363416156,0.00648683043496332,0.12495883438147161,-0.09742564023967443,-0.1049007360168271,-0.21387833106432086,0.1017594212180592,-0.11493173852326734,-0.08333656994008289,-0.12956287757084878,-0.10913278419658745,-0.04580269289653845,-0.0133079483280394,-0.18571034672539305,-0.03451333639739751,-0.1298537240114318,-0.007386381819532347,-0.03572626986962386
SM,-0.06780283721075514,-0.06921506473013549,-0.04802336496765086,-0.03906943676418586,-0.022846077799924147,0.09722208186134854,0.043693041492794,0.03499299110097759,0.19745930296442304,1.0,0.17394158424566317,0.35398619471343784,-0.058630725751238,0.05986505240424732,0.14966718840155765,0.08531832555609699,-0.026694378826683327,0.002264112729223009,0.006606240639191907,0.01512254998167872,0.007934983203985353,-0.052837570129926285,0.0010671486606889976,-0.012464014005570703,0.04812675917570033,-0.03650293296572394,-0.15424667007813103,-0.029902331370110162,-0.030429025611679376,-0.04007492188449647,-0.06213196921479279,-0.0409364818089025,0.03923994047972681,0.010857639383525368,-0.06629141876328482,-0.03141190750918223,-0.001239755847599341,0.026242974723541264,-0.14141750577089612,-0.03675858243310081,-0.08129703355035062,-0.049962990185949116,-0.06868825678069874,-0.028842209187511774,-0.09877961261346906,-0.049021702745529805,-0.0015054959560782074,0.12914527353155122,-0.029878207560580752,-0.05241554302249566,-0.020318008595476698,-0.06772848125680882,-0.03983236445893748
SM,-0.08651839176927362,0.04247647205032278,0.06951718549998824,-0.006647087182672975,0.046999580591925764,0.18221133722937524,0.17856112992962214,0.24378031171697204,0.4320069737894617,0.17394158424566317,1.0,0.34435529346599447,0.12632753594710405,0.15375554364022764,0.14618700514689256,0.25666210211367035,0.02547939625592082,0.11680561237875553,0.040598307485754256,0.09445903158981872,0.14506149556705203,0.043116842310355355,0.13968514549214125,0.10522314313438949,0.14216987878357062,-0.20214669680614175,-0.12436832930738563,-0.18877337529886778,-0.14182335156354078,-0.11026115381092658,-0.13893364856253562,-0.07097381056560077,0.22893147814914228,-0.05123915401200481,-0.2124697303977874,-0.0652587053593359,0.010005248873983373,0.1446888746620121,-0.1273720638127044,-0.10532307064679908,-0.22732889311127955,0.10924270687547427,-0.11583715190012994,-0.09469127819658021,-0.14890477754829026,-0.10806393345874865,-0.04717042571000257,-0.009365681420528068,-0.20223311637746505,-0.017425055567207904,-0.12375093936163291,-0.009047707574900934,-0.07100722203931695
SM,-0.09034838409166268,0.022231489394301748,0.04476629000789938,-0.015608395728969647,0.008021151215751643,0.1541599093635121,0.14466080974841458,0.14385810951689704,0.34388638063382954,0.35398619471343784,0.34435529346599447,1.0,0.11366779525188705,0.07230705974889116,0.2458509017445294,0.16300895553832437,0.00521378443454136,0.06503714175491736,0.018114227053451337,0.054922543275555055,0.11540616178861857,0.010290223278986769,0.10896118955391988,0.043268875551669285,0.11591548902428299,-0.18765113240400175,-0.13301859884865755,-0.17823824932671956,-0.14969940249741642,-0.12408689014336138,-0.17676208123984635,-0.07828964779764443,0.16357168977350686,-0.06284394116656619,-0.20176254269608254,-0.013900523221770673,-0.005911444251287474,0.12037156349100188,-0.12152838419222323,-0.1045358995428075,-0.1883361148149626,0.06694649917570458,-0.07865410277338092,-0.06064592505869173,-0.1279904538322889,-0.06889374953596918,-0.041413892522337244,0.14493692145807524,-0.19108182702303492,-0.0035790651253554016,-0.13594363602309845,-0.006450024294177242,-0.05629370010864543
SM,-0.040896849974069144,0.058817457562185156,0.06660641988009666,0.014693054917545151,0.028129339040773218,0.03854243919360175,0.1548233687912906,0.0952918315369084,0.11952799638775154,-0.058630725751238,0.12632753594710405,0.11366779525188705,1.0,0.12989895284923314,0.17778236603496467,0.06745335185495448,-0.004335555306717581,0.06560867321952901,-0.022841152188881223,0.05536251164675843,0.10221515217180885,0.04040088084100103,0.14761411696116994,0.052667531780828246,0.07500398680025341,-0.14745600171569856,-0.028580148967303376,-0.2441141952017288,-0.12490014296514378,-0.08614836028213475,-0.036151820870424914,0.005599669825296219,0.1738242159208406,-0.10467777679695127,-0.1690843781241374,0.03746043643896613,-0.010698233841302597,0.18866304489198388,-0.050411376506069104,-0.054876710652272224,-0.09849969139742237,0.10435426004007237,-0.01282160006537206,-0.12894635816115346,-0.17827083902660978,-0.0763143928207469,-0.1176929840616534,0.040149994522199375,-0.247266435185138,0.04247555903545972,-0.1046934824134036,0.02957926195323932,-0.022371866343200677
SM,-0.06404536364505779,0.07030864686676595,0.10184654288004392,0.02055657620512157,0.06439561153571882,0.11973211705950136,0.1533353248010058,0.19684841362531819,0.13081965490011507,0.05986505240424732,0.15375554364022764,0.07230705974889116,0.12989895284923314,1.0,0.15652597633331594,0.11491409718412275,0.03724448298617981,0.0934274982654344,0.029610455531393815,0.14179110952946508,0.1144536179440488,-0.0167818926155947,0.12085764227469055,0.1271598994051679,0.05416145329279484,-0.11874851052151797,0.08487093829660194,-0.14398074934178637,-0.029871664391763662,0.02933028393978805,0.0552079082470561,0.013007932310654276,0.2216022447017853,0.08624383317708997,-0.18509745415475648,0.0904451774218389,-0.03596099993007182,0.15973442934535026,-0.054604550427228116,-0.01505456632872782,-0.1105188241933102,-0.005678080634851596,-0.0636742780047392,-0.1932742161840784,-0.1409008727472914,-0.026190168008028925,-0.10651506391422191,-0.011970896491057046,-0.1888098547702106,-0.009020378444405536,-0.09207671551800274,-0.06272995076870039,-0.030986534215275398
SM,-0.1653898053192229,-0.05390068295963733,-0.051174797277084655,-0.08080761480038282,-0.039589264713699134,0.02510888217493851,0.05763923822223211,0.06922228224335121,0.1234700743898413,0.14966718840155765,0.14618700514689256,0.2458509017445294,0.17778236603496467,0.15652597633331594,1.0,0.12890034729940528,0.15284359291060584,0.17585827531298848,-0.013674088859247313,0.24512240210317363,0.28109146010455144,0.05234753336015083,0.3238778682461324,0.15265511494509953,0.18844560934815296,-0.1080923572957223,-0.1253390865428669,-0.29514513726589875,-0.127792628770106,-0.1749642176818256,-0.0046143727146797904,0.018638447951582107,0.3030120916997937,-0.17544874400003785,-0.16835884183042318,-0.011048878109761729,-0.05563341451842483,0.25871235991045927,-0.20842336772088285,-0.010277243552142018,-0.13190988030989773,0.007372437373810932,0.13291801695074001,-0.08730387928146183,-0.2034247087607351,-0.034083970114766014,-0.08368989056792275,0.25474197189333625,-0.22019452655521612,0.03587667221633503,-0.1459386875088817,-0.08455346352449818,-0.06120960737073611
SM,-0.05118727624103849,0.04474971746485323,0.01725416225114455,0.010376477165076708,-0.001969236109323305,0.13125657483061368,0.13290045958644903,0.22757664778347103,0.26352221054934727,0.08531832555609699,0.25666210211367035,0.16300895553832437,0.06745335185495448,0.11491409718412275,0.12890034729940528,1.0,0.02110315331989469,0.03829172657703829,-0.019751622264666382,0.05131053490607803,0.058421859543522955,-0.025740723486658276,0.06496631563960384,0.06207539013713131,0.05966066116875067,-0.10165011218892361,-0.066203116069512,-0.10273073728353821,-0.08550675730760106,-0.05117783835787335,-0.025874371930804625,0.014215166932402096,0.19498801643951258,-0.03845817624152186,-0.10854655707199752,-0.03465707352747482,-0.025422172829601592,0.17705309401846075,-0.06562281422462865,-0.03596219666309812,-0.12137132983313881,0.03313518707036746,-0.05925352330652452,-0.07691840014120456,-0.09055852654449725,-0.053742887559173315,-0.06357880621406065,-0.013663449475150463,-0.10523350315544247,-0.02586331458400127,-0.08000273003533225,0.0032359118118037897,-0.061061631978525245
VIS,-0.0918308513604519,0.016166502922051313,-0.04786532719825066,-0.05244098615943507,0.02011291503939862,0.017181788614042147,-0.020785701680798768,0.008374564067145896,0.03532045753055503,-0.026694378826683327,0.02547939625592082,0.00521378443454136,-0.004335555306717581,0.03724448298617981,0.15284359291060584,0.02110315331989469,1.0,0.21041874049369663,0.04211371946924856,0.49215659149953933,0.22646220469095785,0.12710119684580626,0.2403280295457837,0.4498389657320143,0.060454998728451816,-0.03992705328005799,-0.07556372014387147,-0.14271460262094354,-0.15496876486329195,-0.11832222151688498,-0.043122261878525255,-0.10123185524134441,0.048653074775736965,-0.12031073930551923,-0.06818259815712563,-0.08977608789709297,-0.04798115564458147,0.017592714764100813,-0.11681708850915663,-0.060478108814117366,-0.09848818188511274,0.00262902776055003,0.2853302085832416,0.15947520645247815,-0.041732074798139736,0.07390460817490929,-0.0717196956803208,0.16209405664066698,-0.005505267961730167,0.0045948500172984475,-0.08772010086537095,-0.050056268533275,-0.09219620390194178
VIS,-0.07276468046832839,0.01954541016587281,0.020167067198518625,-0.03179744592967804,0.010246051140220891,0.020610423164910754,0.06581198704673862,0.1044998411248078,0.09388498781907281,0.002264112729223009,0.11680561237875553,0.06503714175491736,0.06560867321952901,0.0934274982654344,0.17585827531298848,0.03829172657703829,0.21041874049369663,1.0,-0.028881445579937326,0.4697093647646085,0.4469262731284971,0.1710984781850099,0.4042011488485984,0.4693921753163072,0.12583206652282258,-0.17819150408212114,-0.0581118598856462,-0.20930409518250992,-0.1265485521253174,-0.13751887135697818,-0.07228876731852102,-0.12393137977528852,0.15654859805006435,-0.1037022815532094,-0.20904063045253532,-0.07414431181188191,-0.039105323866335015,0.06773508814728756,-0.13214552828011822,-0.07211186335364306,-0.1844939377139373,0.08911680554313195,-0.05447893073126199,-0.10439543199301644,-0.17102069748098725,-0.10397523118384658,-0.08359286368450121,-0.038616585013203544,-0.23377034929211263,0.02856685380022662,-0.031151393077787064,-0.03098712722269444,-0.02376083540368924
VIS,-0.04986571688175607,-0.003658299718076239,0.05028763367736596,0.021345186867593107,0.055998007344781255,0.07233815268711043,0.008735253608045383,0.023899937698301364,0.025407250210650625,0.006606240639191907,0.040598307485754256,0.018114227053451337,-0.022841152188881223,0.029610455531393815,-0.013674088859247313,-0.019751622264666382,0.04211371946924856,-0.028881445579937326,1.0,-0.015684434140088802,0.033187422809968246,0.03131400687065359,0.011442696683516253,-0.003529573345391446,0.12914367110895747,0.03541243678565899,-0.01598433128550805,0.07692076712535381,0.025490046566051073,0.16934273339909564,-0.014061935247201592,-0.03996365617241261,0.0002913429278794033,0.13066922554751384,0.045186850532792325,-0.02084934630410311,0.011871187871703381,-0.013271909262232456,-0.026500456091700847,-0.06659629018505211,-0.06384878833423907,0.0175859759466061,0.010708907253227764,0.03972783422507982,0.038076373212936804,-0.04256490857018191,0.027039843014003754,0.0903023911600553,0.06309642564561482,0.01423392181408991,-0.022962505247438023,-0.03163504457408479,-0.06131889548211184
VIS,-0.10833200569053245,0.00025490946507371613,-0.017510719396712407,-0.0617648271318913,0.013838210951916867,0.0389157761898965,0.05513357900326181,0.08178570266672071,0.0749363715553801,0.01512254998167872,0.09445903158981872,0.054922543275555055,0.05536251164675843,0.14179110952946508,0.24512240210317363,0.05131053490607803,0.49215659149953933,0.4697093647646085,-0.015684434140088802,1.0,0.39636648537831115,0.12804462307720982,0.3886877488668773,0.6587712720219643,0.08975664715738835,-0.14967695892494468,-0.06135407041455474,-0.22605613996755106,-0.15079790102174814,-0.14268969907462992,-0.05722041650599545,-0.0843997838922168,0.1459459261312097,-0.1074062498966496,-0.19053340762847043,-0.016570471821437813,-0.07764557191040244,0.08111630693821219,-0.15172411919309842,-0.06063703639150363,-0.1525946484014668,0.030911083611568572,0.09900817336842437,-0.0746449717622693,-0.1486524252145573,-0.03765159226770983,-0.12965293966274924,0.07900403564037005,-0.18760868890663282,0.021186380568507576,-0.07648527690499513,-0.06317354640834073,-0.06824704518292576
VIS,-0.11701046627304582,0.025167372370699485,0.06002709483037427,-0.04592493239387369,-0.013513563848968473,0.0450194741636159,0.09810574300729165,0.14931113671599416,0.11691070887213756,0.007934983203985353,0.14506149556705203,0.11540616178861857,0.10221515217180885,0.1144536179440488,0.28109146010455144,0.058421859543522955,0.22646220469095785,0.4469262731284971,0.033187422809968246,0.39636648537831115,1.0,0.2631712901531765,0.4625293999624554,0.33939015171784076,0.21846108230623332,-0.19779299620663374,-0.08889161471749932,-0.2721437330903263,-0.1761357716490667,-0.1427468091233788,-0.08798257876869273,-0.1338026341713039,0.2273707058811994,-0.11890421631363597,-0.2783139132516887,-0.0665705154323095,-0.02302840217397563,0.12708969924543578,-0.17037750159521636,-0.07896151233272414,-0.2110191730104447,0.09205783129706448,-0.008149107735503383,-0.0833607394122209,-0.176064079386179,-0.07672243619723522,-0.09834610535596314,0.028222750494388965,-0.2542077094926613,0.052522198474855945,-0.10438845107122582,-0.04063444922563023,-0.04807709384494578
VIS,-0.029828543378321432,0.05691089028909469,0.08090309716488099,0.006789665353416294,0.07521073132003675,0.00864977707662959,0.05137389586292569,0.06209230703419715,0.02561996950859359,-0.052837570129926285,0.043116842310355355,0.010290223278986769,0.04040088084100103,-0.0167818926155947,0.05234753336015083,-0.025740723486658276,0.12710119684580626,0.1710984781850099,0.03131400687065359,0.12804462307720982,0.2631712901531765,1.0,0.23498811908389533,0.15530556567393966,0.18553168401777095,-0.14332886498104377,-0.03344785011093721,-0.15040469250139507,-0.10408116430145724,-0.072871292200286,-0.0694624351824589,-0.16287152495952537,0.0743481283093063,-0.09792735234142133,-0.1285965555346494,-0.1593879977151159,0.10989753117942548,0.04431567579152788,-0.11898128649727138,-0.06443364605115758,-0.1636228259296991,0.13460634960840387,-0.06634698710945423,0.045156408762440994,-0.0920524634536671,-0.0515671954503459,0.011322764757690238,-0.011267805251126417,-0.14073035816921833,0.05689030075720945,-0.08211703193593707,0.028034238563240863,-0.038161377945057744
VIS,-0.12177070683422352,0.00194106287550338,0.013577592547411378,-0.044601018953526445,-0.007794317686183831,0.03838249579395612,0.0974627861865124,0.11833483207167116,0.11558089441293504,0.0010671486606889976,0.13968514549214125,0.10896118955391988,0.14761411696116994,0.12085764227469055,0.3238778682461324,0.06496631563960384,0.2403280295457837,0.4042011488485984,0.011442696683516253,0.3886877488668773,0.4625293999624554,0.23498811908389533,1.0,0.31674543214921985,0.2334069597400901,-0.2300285208948035,-0.10483012267458439,-0.3115823937148656,-0.1592354486374785,-0.1630008508452502,-0.08197935067827238,-0.11146125373306066,0.2086809932626533,-0.1446876921808251,-0.24459357124992248,-0.08655498319451492,-0.03269330186806885,0.1759680194706455,-0.1832624375184322,-0.0910084011836749,-0.2013405897549765,0.09904862322784341,0.03034801690179353,-0.09317801437485455,-0.21695172967440693,-0.06952323501403782,-0.10218203300768311,0.04293231771100705,-0.2637600590667182,0.04967622620870511,-0.11895215837617239,-0.045502031462029455,-0.03722546509152458
VIS,-0.08845554763453604,0.033212873808899444,0.020980147629505168,-0.04508469332274513,0.03692960591685754,0.06699480990009175,0.0725938505227114,0.09604254434147944,0.10192555460824718,-0.012464014005570703,0.10522314313438949,0.043268875551669285,0.052667531780828246,0.1271598994051679,0.15265511494509953,0.06207539013713131,0.4498389657320143,0.4693921753163072,-0.003529573345391446,0.6587712720219643,0.33939015171784076,0.15530556567393966,0.31674543214921985,1.0,0.09428771233540686,-0.15797309835506795,-0.03206756950917312,-0.19894466386852525,-0.124773620690899,-0.12193296671178543,-0.06984348436617438,-0.09308692044274104,0.13812736223316635,-0.07738983431791778,-0.18182057364619478,-0.04516645931502098,-0.04704746341669146,0.06964639828279764,-0.14695583770858098,-0.06118200926062008,-0.16570490371053895,0.049465287369267946,0.0031376586838048983,-0.07920894213581645,-0.1399388473372477,-0.0714078861242915,-0.10301681576903102,0.007394976513681392,-0.18489955570021585,0.01580775956798754,-0.05159284829428614,-0.05375417749279116,-0.029515487828203575
VIS,-0.06436015432635533,0.009738048164218645,0.0425206005793807,-0.015852427544805203,0.013751045259846204,0.030220591195562682,0.04562620174206559,0.07670816501132575,0.10483804998576292,0.04812675917570033,0.14216987878357062,0.11591548902428299,0.07500398680025341,0.05416145329279484,0.18844560934815296,0.05966066116875067,0.060454998728451816,0.12583206652282258,0.12914367110895747,0.08975664715738835,0.21846108230623332,0.18553168401777095,0.2334069597400901,0.09428771233540686,1.0,-0.1297686369411493,-0.09465301133189592,-0.18615558498679238,-0.04991867568062572,-0.07737749687484571,-0.014088124109745529,-0.05472357016625175,0.20306944463705617,-0.061378740917575766,-0.14867651771491985,-0.13622250237407668,0.035530392813424815,0.2081445475855576,-0.1410049535048234,-0.04543714365052289,-0.18462374349325317,0.08233613015862866,-0.06256108638964372,-0.026969434054535765,-0.1440398955812734,-0.09431253999267078,0.004874798342263013,0.018221219595548423,-0.15954798091632807,0.035250312437102645,-0.08433561170931338,-0.0223571021818141,-0.012543120599185905
CC,0.026229541767248305,-0.08538753815626016,-0.12483468917438045,-0.06871018167651814,-0.06666693580967348,-0.16083055290810047,-0.26397288928062185,-0.19953963375607225,-0.1879837305192792,-0.03650293296572394,-0.20214669680614175,-0.18765113240400175,-0.14745600171569856,-0.11874851052151797,-0.1080923572957223,-0.10165011218892361,-0.03992705328005799,-0.17819150408212114,0.03541243678565899,-0.14967695892494468,-0.19779299620663374,-0.14332886498104377,-0.2300285208948035,-0.15797309835506795,-0.1297686369411493,1.0,0.01694619990996969,0.2703378741162233,0.08620845973495882,0.18810708725063188,0.2623493801184284,0.21527080964981726,-0.11035880543367854,-0.006894458736043845,0.3178274668075097,0.03856397937009109,-0.030867649630153225,-0.18186623426789011,0.11798158412435103,0.28827064709494565,0.2643560519485437,-0.16727650827639162,0.15146417405900967,0.12822662220968478,0.1708421543457848,0.14178321326046012,0.058245364471075395,0.040840732553489384,0.3134355924571133,0.02444817155515209,0.17791698537752673,-0.03230679277469805,-0.07773361474055636
CC,0.1161314182656512,0.04527827594431497,0.1106078650311917,0.15884272158586993,0.09256733880334363,0.0629573124401589,0.12508506424241878,-0.01671776839464574,-0.1031683785078077,-0.15424667007813103,-0.12436832930738563,-0.13301859884865755,-0.028580148967303376,0.08487093829660194,-0.1253390865428669,-0.066203116069512,-0.07556372014387147,-0.0581118598856462,-0.01598433128550805,-0.06135407041455474,-0.08889161471749932,-0.03344785011093721,-0.10483012267458439,-0.03206756950917312,-0.09465301133189592,0.01694619990996969,1.0,0.057184238731793735,0.14399111216517493,0.15698866299383918,0.07750836712213405,0.11207902066887339,-0.013460351613404408,0.14341918631596606,0.027800502788589525,0.19560553143822126,0.011261016471712097,0.0005879023646859246,0.1576918083700529,0.10916061973011773,0.11960815968563616,-0.02353825019878083,-0.030449364546278956,-0.11456286591018461,0.11765232001836362,0.045160482959688684,-0.02199819862053993,-0.07496436501749244,-0.04563953377198074,0.02797217727944923,-0.03784283520929693,-0.047588115937490044,-0.013758961364140182
CC,0.08971432754283816,-0.08347662815249655,-0.07670162196002243,0.010895629967962141,-0.03622061201231152,-0.1346737805836639,-0.24121809819641948,-0.15919980715894597,-0.16700564721308,-0.029902331370110162,-0.18877337529886778,-0.17823824932671956,-0.2441141952017288,-0.14398074934178637,-0.29514513726589875,-0.10273073728353821,-0.14271460262094354,-0.20930409518250992,0.07692076712535381,-0.22605613996755106,-0.2721437330903263,-0.15040469250139507,-0.3115823937148656,-0.19894466386852525,-0.18615558498679238,0.2703378741162233,0.057184238731793735,1.0,0.20637657953880476,0.2274551822000469,0.06647059599820596,0.018331635450919214,-0.31233413603719623,0.28300671047554904,0.36429130812562105,0.04247910868696404,0.02813606156637618,-0.3007862074244982,0.19070073123462639,0.00517862867935181,0.210681218612482,-0.17136030893965495,-0.021772937731955735,0.129264367270088,0.3736331082679752,0.06830827547781185,0.16750612049432936,-0.07155061685535963,0.4820178016981615,-0.10700192282017067,0.18578738771133096,-0.003978970502352309,0.04013262230256941
CC,0.025980961813078407,-0.03187937724076132,-0.018017431555189457,-0.017835537061778022,-0.02891896959094708,-0.04854819240261367,-0.08212255352538436,-0.07942584003156027,-0.12213362059591668,-0.030429025611679376,-0.14182335156354078,-0.14969940249741642,-0.12490014296514378,-0.029871664391763662,-0.127792628770106,-0.08550675730760106,-0.15496876486329195,-0.1265485521253174,0.025490046566051073,-0.15079790102174814,-0.1761357716490667,-0.10408116430145724,-0.1592354486374785,-0.124773620690899,-0.04991867568062572,0.08620845973495882,0.14399111216517493,0.20637657953880476,1.0,0.17182606966817685,0.24029272206542376,0.11489353042061594,-0.07760323907458079,0.18927315612643264,0.18620155299870234,-0.03565253577716986,-0.018629754832164995,0.024741493515705607,0.05546420835469306,0.1652400867936179,0.15089376814540126,-0.12806415926954343,-0.10262779048014756,0.015687470715012496,0.05637148365909531,-0.023537017952705512,0.10901332262109897,-0.1126371191941539,0.16173443217063616,-0.10688336636319926,0.07028875187776262,-0.03599635437621555,0.06183589432778974
CC,0.014360015740872551,-0.037164962375972194,0.019817165757954967,0.04235102158703859,-0.009755059706753545,0.020650011152047055,-0.024335272922864713,-0.03398943400387264,-0.0833161427681434,-0.04007492188449647,-0.11026115381092658,-0.12408689014336138,-0.08614836028213475,0.02933028393978805,-0.1749642176818256,-0.05117783835787335,-0.11832222151688498,-0.13751887135697818,0.16934273339909564,-0.14268969907462992,-0.1427468091233788,-0.072871292200286,-0.1630008508452502,-0.12193296671178543,-0.07737749687484571,0.18810708725063188,0.15698866299383918,0.2274551822000469,0.17182606966817685,1.0,0.14119323607628104,0.0753451242509931,-0.03449987171616188,0.1947713992524034,0.07201032996276087,0.09280370979969854,0.012440495745039548,-0.09805071287519931,0.04556890694645882,0.09135423473395925,0.07615101730981877,-0.07807888689478112,-0.053955372871394396,-0.054517975979369665,0.09514872253585424,-0.002917419224106365,0.01712950382243939,-0.058897450293504086,0.10317625895775044,-0.004519045379329494,0.07087385706399729,-0.04344647920558269,-0.0884540808188812
CC,0.009731455071341029,-0.01830577949255259,-0.05690701367056078,-0.07008239744603321,-0.040595408056598205,-0.1448322001121891,-0.18382115795541235,-0.057767166476852524,-0.11970611460521216,-0.06213196921479279,-0.13893364856253562,-0.17676208123984635,-0.036151820870424914,0.0552079082470561,-0.0046143727146797904,-0.025874371930804625,-0.043122261878525255,-0.07228876731852102,-0.014061935247201592,-0.05722041650599545,-0.08798257876869273,-0.0694624351824589,-0.08197935067827238,-0.06984348436617438,-0.014088124109745529,0.2623493801184284,0.07750836712213405,0.06647059599820596,0.24029272206542376,0.14119323607628104,1.0,0.19379667134951445,0.07725809976914325,-0.034728458359854254,0.17533192600930458,-0.033612625438317674,-0.060634106134071,0.09128920162247509,0.08478454781450993,0.2971392243310722,0.17222804531589408,-0.12018101892963996,0.042263475780383815,-0.008898533763115871,-0.04233016364639717,0.04838313157669952,-0.024984040258678678,-0.027045094537939518,0.09701968924885573,-0.024565913154219736,0.10128816811796128,-0.014593743892529733,0.009082041899090123
CC,-0.022046745987466594,-0.026597341942515364,-0.06630061422879684,-0.042030977370458855,-0.04586806166770385,-0.029589286864253255,-0.046903188128701964,-0.06621334842651086,-0.06647863686325521,-0.0409364818089025,-0.07097381056560077,-0.07828964779764443,0.005599669825296219,0.013007932310654276,0.018638447951582107,0.014215166932402096,-0.10123185524134441,-0.12393137977528852,-0.03996365617241261,-0.0843997838922168,-0.1338026341713039,-0.16287152495952537,-0.11146125373306066,-0.09308692044274104,-0.05472357016625175,0.21527080964981726,0.11207902066887339,0.018331635450919214,0.11489353042061594,0.0753451242509931,0.19379667134951445,1.0,0.07218500558639476,0.02662676622022241,0.13383278728134407,0.13906161101122191,-0.11286719622647787,0.09694306997078861,0.08735176440822785,0.2223058562848014,0.20268092452098627,-0.1040542475016215,0.05745746428745027,-0.12364802258410575,-0.015243421287101192,0.08300669947844858,-0.09344208975022537,0.03794393515590204,0.023349887397718122,-0.0004285570933507121,0.02855717180491453,-0.055634548297004115,0.008062951814357039
CC,-0.11361797209521501,0.06228680033345988,0.06419244435069407,-0.0025564686508982018,0.005314823805885016,0.12395096744902762,0.16720947899070965,0.18614044464944984,0.16758350464062285,0.03923994047972681,0.22893147814914228,0.16357168977350686,0.1738242159208406,0.2216022447017853,0.3030120916997937,0.19498801643951258,0.048653074775736965,0.15654859805006435,0.0002913429278794033,0.1459459261312097,0.2273707058811994,0.0743481283093063,0.2086809932626533,0.13812736223316635,0.20306944463705617,-0.11035880543367854,-0.013460351613404408,-0.31233413603719623,-0.07760323907458079,-0.03449987171616188,0.07725809976914325,0.07218500558639476,1.0,-0.15153899302319462,-0.258143225654706,-0.012325008236483038,-0.03894987790027145,0.3342436732945974,-0.14496398832589502,0.1642551349272058,-0.16816138549205853,0.07104457087480487,-0.0892357542027621,-0.20658816008164854,-0.2122413850156145,-0.09242392524787102,-0.0935884423114145,-0.009695821939549747,-0.33606846113084626,0.06236337688716071,-0.13001226068594177,-0.0421080545767999,-0.10694096706054694
CC,0.046056546723212834,-0.01257877001795732,0.0176595002629409,0.04749776328961303,0.014082127053557778,0.025348056880771044,-0.010555509687366111,-0.020395777914425834,-0.04526884389375687,0.010857639383525368,-0.05123915401200481,-0.06284394116656619,-0.10467777679695127,0.08624383317708997,-0.17544874400003785,-0.03845817624152186,-0.12031073930551923,-0.1037022815532094,0.13066922554751384,-0.1074062498966496,-0.11890421631363597,-0.09792735234142133,-0.1446876921808251,-0.07738983431791778,-0.061378740917575766,-0.006894458736043845,0.14341918631596606,0.28300671047554904,0.18927315612643264,0.1947713992524034,-0.034728458359854254,0.02662676622022241,-0.15153899302319462,1.0,0.08855786306439604,0.08466578848968333,-0.008374764038043681,-0.12393965282413989,0.07043870107950209,-0.13631532667914942,0.039644159330622965,-0.07966628521904306,-0.09392777831333413,-0.06353102514428026,0.1236144318226548,-0.016852907700027318,0.02169026514001846,-0.061146793725323605,0.14651352606713108,-0.07702227845056431,0.036850329369275105,-0.03528340650013811,0.061890800024215965
CC,0.07330758497648845,-0.04876141374428512,-0.12092840105793176,0.019455302043652003,-0.013949446824105082,-0.1826386002100448,-0.2725341932435113,-0.224295254819531,-0.19128338280616022,-0.06629141876328482,-0.2124697303977874,-0.20176254269608254,-0.1690843781241374,-0.18509745415475648,-0.16835884183042318,-0.10854655707199752,-0.06818259815712563,-0.20904063045253532,0.045186850532792325,-0.19053340762847043,-0.2783139132516887,-0.1285965555346494,-0.24459357124992248,-0.18182057364619478,-0.14867651771491985,0.3178274668075097,0.027800502788589525,0.36429130812562105,0.18620155299870234,0.07201032996276087,0.17533192600930458,0.13383278728134407,-0.258143225654706,0.08855786306439604,1.0,0.0081579093864019,0.008209660092712623,-0.15747065197023044,0.22333073217975435,0.06649920832931204,0.2818160976529618,-0.16672196005212211,0.11679645974944082,0.15956259987022708,0.21696790312695913,0.1586615210483401,0.1020398801256528,0.04058158967956211,0.4179851492935338,-0.040639389730160756,0.15089345151791556,0.012577773826858837,0.10629893304010861
CC,0.026126534886288494,-0.023267889523822187,-0.00767772266035729,0.049375330962040095,-0.0213010432723877,0.02623859956390517,0.07628663363951883,-0.047937798900288556,-0.0824945363416156,-0.03141190750918223,-0.0652587053593359,-0.013900523221770673,0.03746043643896613,0.0904451774218389,-0.011048878109761729,-0.03465707352747482,-0.08977608789709297,-0.07414431181188191,-0.02084934630410311,-0.016570471821437813,-0.0665705154323095,-0.1593879977151159,-0.08655498319451492,-0.04516645931502098,-0.13622250237407668,0.03856397937009109,0.19560553143822126,0.04247910868696404,-0.03565253577716986,0.09280370979969854,-0.033612625438317674,0.13906161101122191,-0.012325008236483038,0.08466578848968333,0.0081579093864019,1.0,-0.08075361754528344,-0.027066312601065776,0.18446937244901973,0.08604510356051775,0.19005075828114343,-0.06713828786394367,0.019401117209233217,-0.1837066619977075,0.0852668702456879,0.036259731967323836,-0.10447491009443348,0.08343056825844655,-0.0951253860729635,0.04714339705720299,-0.021083963955051792,-0.042762509050816584,-0.031577306767205965
